<?xml version="1.0" encoding="UTF-8" standalone="no"?>
<svg
   width="48"
   height="48"
   version="1"
   id="svg6"
   sodipodi:docname="dstx.svg"
   inkscape:version="1.4.3 (0d15f75042, 2025-12-25)"
   viewBox="0 0 56.470588 56.470588"
   xmlns:inkscape="http://www.inkscape.org/namespaces/inkscape"
   xmlns:sodipodi="http://sodipodi.sourceforge.net/DTD/sodipodi-0.dtd"
   xmlns="http://www.w3.org/2000/svg"
   xmlns:svg="http://www.w3.org/2000/svg">
  <defs
     id="defs6" />
  <sodipodi:namedview
     id="namedview6"
     pagecolor="#ffffff"
     bordercolor="#000000"
     borderopacity="0.25"
     inkscape:showpageshadow="2"
     inkscape:pageopacity="0.0"
     inkscape:pagecheckerboard="0"
     inkscape:deskcolor="#d1d1d1"
     inkscape:zoom="11.0625"
     inkscape:cx="45.740113"
     inkscape:cy="-1.9887006"
     inkscape:window-width="2560"
     inkscape:window-height="1281"
     inkscape:window-x="0"
     inkscape:window-y="0"
     inkscape:window-maximized="1"
     inkscape:current-layer="svg6" />
  <path
     fill="#e44545"
     d="M 42.37743,42.377429 55.105352,29.649507 c 0.783474,-0.783474 0.783474,-2.044953 0,-2.828427 L 42.37743,14.093158 28.235294,28.235294 Z"
     id="path1" />
  <path
     fill="#38ac52"
     d="M 42.37743,42.377429 29.649508,55.105351 c -0.783474,0.783474 -2.044953,0.783474 -2.828427,0 L 14.093159,42.377429 28.235294,28.235294 Z"
     id="path2" />
  <path
     fill="#f2ae37"
     d="M 14.093159,14.093158 26.821081,1.3652357 c 0.783474,-0.78347403 2.044953,-0.78347403 2.828427,0 L 42.37743,14.093158 28.235294,28.235294 Z"
     id="path3" />
  <path
     fill="#3776f2"
     d="M 14.093159,14.093158 1.3652367,26.82108 c -0.7834743,0.783474 -0.7834743,2.044953 0,2.828427 L 14.093159,42.377429 28.235294,28.235294 Z"
     id="path4" />
  <path
     fill="#ffffff"
     opacity="0.2"
     d="m 1.3652372,26.82108 c -0.783474,0.783473 -0.783474,2.044953 0,2.828426 l 0.707107,0.707107 c -0.783475,-0.783473 -0.783475,-2.044952 0,-2.828426 L 27.528188,2.0723427 c 0.783474,-0.783474 2.044953,-0.783474 2.828427,0 l -0.707107,-0.707107 c -0.783474,-0.78347403 -2.044953,-0.78347403 -2.828427,0 z"
     id="path5" />
  <path
     opacity="0.2"
     d="m 1.365237,29.649507 c -0.783475,-0.783474 -0.783475,-2.044953 0,-2.828427 l 0.707106,-0.707107 c -0.783474,0.783474 -0.783474,2.044953 0,2.828427 l 25.455845,25.455844 c 0.783474,0.783474 2.044953,0.783474 2.828427,0 l -0.707107,0.707107 c -0.783474,0.783474 -2.044953,0.783474 -2.828427,0 z"
     id="path6" />
  <g
     inkscape:groupmode="layer"
     id="layer1"
     inkscape:label="Layer 1">
    <path
       id="path1-4"
       d="m 28.236585,0.77722075 c -0.511239,0 -1.023704,0.1964983 -1.415441,0.58823525 L 14.093662,14.092938 1.36618,26.820419 c -0.783475,0.783474 -0.783475,2.045111 0,2.828585 l 12.727482,12.727481 12.727482,12.727482 c 0.783474,0.783474 2.04511,0.783474 2.828584,0 L 42.37721,42.376485 55.104691,29.649004 c 0.783474,-0.783474 0.783474,-2.045111 0,-2.828585 L 42.37721,14.092938 29.649728,1.365456 C 29.257991,0.97371905 28.747823,0.77722075 28.236585,0.77722075 Z"
       style="fill:none;stroke:#323232;stroke-opacity:1;stroke-width:0.41176471;stroke-dasharray:none" />
  </g>
  <path
     style="fill:#666666;stroke-width:0.65058849;stroke-dasharray:none;stroke:#ffffff;stroke-opacity:1"
     d="m 14.650403,37.805023 -0.162272,-0.173237 -0.210516,-0.289461 -0.201747,-0.410075 -0.135952,-0.359632 -0.129375,-0.453932 -0.05483,-0.357442 -0.02635,-0.458318 -0.0067,-0.684184 0.01541,-1.129341 0.03731,-0.605237 0.08113,-1.017505 0.203943,-1.311352 0.230255,-1.192935 0.289458,-1.120568 0.247799,-1.151274 0.241219,-0.861811 0.230253,-0.949526 0.173236,-0.690756 0.177627,-0.561388 0.252185,-0.624973 0.236833,-0.526298 0.298237,-0.499978 0.747776,-1.175394 0.08115,-0.09429 0.133766,-0.07017 0.103071,-0.02411 0.0021,-0.252182 0.01096,-0.03071 0.499977,-0.252183 0.396914,-0.155696 0.208328,-0.04167 0.98461,-0.01541 0.822335,-0.0021 0.197361,0.01973 0.278501,0.09649 0.307005,0.114034 0.05045,0.05045 -0.0021,0.317965 v 0.05704 l 0.03507,0.05045 0.344289,0.19298 h 1.732387 l 0.03571,0.0069 0.0589,0.03721 0.03412,0.06202 v 4.716178 l -4.39e-4,0.226967 0.0087,0.05922 0.04494,0.08881 0.06907,0.09539 0.146937,0.164457 0.17105,0.107446 0.137063,0.04055 0.157883,0.0076 h 8.354984 l 0.219288,-0.0011 0.105265,-0.01096 0.127192,-0.04716 0.114023,-0.07236 0.119503,-0.104169 0.114046,-0.131581 0.05153,-0.122802 0.034,-0.126098 v -4.720221 l 0.0067,-0.10965 0.01307,-0.04716 0.03724,-0.0603 0.05045,-0.02959 0.09211,-0.01541 h 1.574497 l 0.114047,-0.02197 0.210515,-0.08443 0.192982,-0.143638 v -0.347575 l 0.0095,-0.04411 0.03412,-0.03412 0.237246,-0.07444 0.344237,-0.102333 0.218632,-0.05118 0.181432,-0.01853 h 1.138194 l 0.144204,0.01096 0.390751,0.04343 0.373699,0.105443 0.23569,0.09459 0.324079,0.147307 0.04654,0.03412 0.03257,0.06202 v 0.182972 l 0.0093,0.0403 0.06513,0.03566 0.07754,0.0047 0.06356,0.01248 0.05272,0.03412 0.09459,0.139562 0.68692,1.074576 0.448131,0.750498 0.144205,0.269806 0.156613,0.353537 0.142663,0.404711 0.08684,0.248099 0.08064,0.243449 0.08217,0.316322 0.200028,0.891601 0.235694,0.989294 0.2512,1.021852 0.260498,1.052865 0.136459,0.552018 0.144205,0.621798 0.127153,0.761349 0.09923,0.600089 0.09149,0.649708 0.04963,0.431066 0.02169,0.271359 v 0.629548 0.824926 l -0.02015,0.640399 -0.03566,0.414017 -0.06667,0.72879 -0.04185,0.305468 -0.06667,0.276009 -0.113186,0.333382 -0.227941,0.445024 -0.237243,0.339588 -0.276007,0.300815 -0.276011,0.252755 -0.334931,0.206227 -0.276014,0.113198 -0.36904,0.105443 -0.221742,0.02323 h -0.35659 -0.355095 l -0.339581,-0.01096 -0.241895,-0.04189 -0.248097,-0.09303 -0.383002,-0.220185 -0.440372,-0.350441 -0.49,-0.5024 -0.420215,-0.651256 -0.38145,-0.764453 -0.585923,-1.429339 -0.70611,-1.934135 -0.10307,-0.280688 -0.07675,-0.10306 -0.232447,-0.127192 -0.182017,-0.04606 -0.09649,0.06358 -0.166662,0.133766 -0.296045,0.201746 -0.326737,0.157882 -0.260959,0.100869 -0.333317,0.06579 -0.684184,0.01541 -0.537261,-0.03948 -0.326742,-0.09649 -0.366214,-0.201748 -0.603046,-0.412266 -0.131581,-0.05701 h -5.091968 l -0.157882,0.0285 -0.142546,0.144731 -0.228065,0.179812 -0.357443,0.201745 -0.307002,0.109651 -0.265344,0.08113 -0.366213,0.04606 h -0.813564 l -0.377179,-0.06139 -0.361829,-0.135951 -0.410068,-0.254381 -0.304816,-0.247801 -0.08333,-0.0351 -0.08772,0.0067 -0.313582,0.197362 -0.09429,0.10087 -0.05481,0.168847 -0.317971,0.918824 -0.313587,0.870582 -0.328932,0.850844 -0.427617,0.995579 -0.394723,0.710494 -0.285074,0.421033 -0.282886,0.328937 -0.324546,0.307004 -0.31139,0.245607 -0.388144,0.252184 -0.320163,0.124986 -0.315775,0.05264 h -0.986807 l -0.407881,-0.03098 -0.223671,-0.06139 -0.357444,-0.182015 -0.385951,-0.307007 z"
     id="path1-8" />
  <path
     style="fill:#666666;stroke-width:0.65058849;stroke-dasharray:none;stroke:#ffffff;stroke-opacity:1"
     d="m 23.673541,25.908451 v -4.67044 l 0.0062,-0.03103 0.01854,-0.02794 0.04343,-0.04344 0.06514,-0.02793 h 9.294369 l 0.09614,0.01541 0.04028,0.02477 0.04031,0.05892 0.01854,0.04343 0.0062,0.105442 v 4.751079 l -0.01405,0.111642 -0.03564,0.09459 -0.08064,0.111643 -0.08529,0.08374 -0.07754,0.05583 -0.09304,0.06824 -0.05583,0.02169 -0.120947,0.01697 h -8.32366 l -0.181432,-0.0016 -0.133356,-0.02015 -0.125591,-0.03875 -0.130256,-0.08684 -0.09768,-0.113198 -0.05272,-0.103897 -0.02169,-0.09768 z"
     id="path2-7" />
</svg>
